03 03 00 00 02 00 00 00 01 02 00 00 03 03 03 00
00 00 03 00 02 01 00 01 01 03 01 02 02 02 00 02
02 00 01 00 02 01 00 03 00 02 00 00 02 00 01 02
03 01 00 02 01 01 02 01 00 00 00 01 03 00 03 00
00 00 00 03 01 02 01 00 03 00 03 00 01 02 00 03
00 00 01 02 01 01 00 00 00 03 01 00 01 00 01 00
02 00 03 00 00 00 00 00 03 02 02 03 00 00 01 03
03 02 01 03 00 02 01 03 00 01 00 00 02 03 03 01
02 02 00 00 00 01 02 01 02 02 03 03 02 02 02 00
00 00 00 03 01 02 01 00 01 03 00 02 02 03 03 00
00 02 00 00 00 00 00 00 00 00 00 00 00 00 00 00
00 00 00 00 00 00 00 00 00 00 00 00 00 00 00 00
00 00 00 00 00 00 00 00 00 00 00 00 00 00 00 00
00 00 00 00 00 00 00 00 00 00 00 00 00 00 00 00
00 00 00 00 00 00 00 00 00 00 00 00 00 00 00 00
00 00 00 00 00 00 00 00 00 00 00 00 00 00 00 00
